0
0
0
0
0
0
0
0
1
2
3
2
2
3
3
5
3
4
3
8
9
5
4
6
4
8
7
10
9
11
15
16
8
10
15
20
22
14
26
18
17
26
24
24
28
32
36
39
33
45
56
53
43
69
88
68
85
76
78
84
125
125
96
110
103
112
121
125
130
140
156
167
192
221
242
22
49
139
125
120
164
167
213
177
161
245
220
220
237
7
250
209
248
223
4
228
27
44
77
177
45
103
111
65
111
122
85
36
8
37
206
240
75
129
140
56
87
148
79
73
68
79
152
71
56
223
98
240
203
169
82
84
73
45
41
242
184
175
145
96
118
64
74
60
55
29
22
21
24
12
18
18
11
4
5
1
3
1
0
2
0
1
1
1
0
0
0
0
0
0
0
0
0
0
0
0
0
0
0
0
0
0
0
0
0
0
0
0
0
0
0
0
0
0
0
0
0
0
0
0
0
0
0
0
0
0
0
0
0
0
0
0
0
0
0
0
0
0
0
0
0
0
0
0
0
0
0
0
0
0
0
0
0
0
0
0
0
0
0
0
0
0
0
0
0
0
0
0
0
0
0
0
0
0
0
0
