0
0
0
0
0
0
0
0
0
0
0
0
0
0
0
0
0
0
0
0
0
0
0
0
0
0
0
0
0
0
0
0
0
0
0
0
0
0
0
0
0
0
0
0
0
0
1
0
0
0
0
0
2
2
1
3
3
2
1
5
4
1
5
5
4
7
7
8
9
14
14
12
14
19
40
42
45
57
47
58
67
95
80
94
127
167
128
157
165
179
186
159
201
187
198
172
162
168
169
174
189
211
180
210
7
230
241
27
10
7
58
109
198
220
203
32
191
172
219
11
70
146
38
97
107
186
190
211
182
191
153
223
74
39
98
148
129
154
114
74
139
104
34
157
159
158
176
109
42
166
117
67
99
82
83
86
72
45
76
23
32
48
27
40
30
25
23
32
60
25
75
45
28
250
218
225
226
214
215
195
212
193
194
155
130
88
43
46
26
24
11
7
8
4
4
6
2
4
3
3
2
3
1
1
0
2
0
0
2
0
0
0
0
0
0
0
0
0
0
0
0
0
0
0
0
0
0
0
0
0
0
0
0
0
0
0
0
0
0
0
0
0
0
0
0
0
0
0
0
0
0
0
0
0
0
0
